0	0.4295566897272125
1	0.5749632401242105
2	0.05021503442333697
3	0.7732021107874065
4	0.10973768678096174
5	0.23248917600032504
6	0.4713339149513107
7	0.6295210634468289
8	0.1148465813166979
9	0.6888903327095218
10	0.11268853108117305
11	0.6339462479462729
12	0.35543682329371773
13	0.9077340868278407
14	0.9558171610053061
15	0.722931989860591
16	0.6098642720378645
17	0.47233118925932505
18	0.2912194650994121
19	0.6456958303000876
20	0.8864529259089022
21	0.09973509548153303
22	0.425677636312782
23	0.21276579441031485
24	0.5501345642269413
25	0.6878327868933529
26	0.6404581877039689
27	0.9959500996638652
28	0.9177454538257037
29	0.6132555140833797
30	0.16257721380759693
31	0.413212124466547
32	0.154050136468606
33	0.25370589945318933
34	0.0595546273633667
35	0.21454099448574626
36	0.4565023684210634
37	0.693801289422647
38	0.1523794605303891
39	0.8682892214750313
40	0.4631632370295631
41	0.8160891727332773
42	0.005205951185100699
43	0.4517685431424353
44	0.21149174685490468
45	0.0888250632336276
46	0.9552307236975963
47	0.7664745333831616
48	0.1527564423383767
49	0.6040387832931239
50	0.6772035447972188
51	0.5836319197567522
52	0.34226534286610455
53	0.5476087512710425
54	0.09159437407162307
55	0.7717294664306829
56	0.9968945195773015
57	0.01912316059614294
58	0.012809312932991812
59	0.9914798757521265
60	0.9235303499208659
61	0.48607623334957617
62	0.4500096162519458
63	0.7627407341473011
64	0.49362428145171533
65	0.06389156198821466
66	0.5380660625147946
67	0.8130647273211802
68	0.519730998457182
69	0.4040272168630188
70	0.5130774836578598
71	0.7849416462295685
72	0.5031162554252007
73	0.5737731539049075
74	0.1830227348810305
75	0.9743082045411546
76	0.7782111464901815
77	0.21750987743162364
78	0.4818490513854067
79	0.7517663823384587
80	0.9674181822025234
81	0.2786484432313153
82	0.5644986484351001
83	0.615712370293202
84	0.5063990115892937
85	0.24686403813534485
86	0.9311828675153562
87	0.8564616402675685
88	0.5646330120097797
89	0.27961598126244924
90	0.6169719317258214
91	0.9422274496257015
92	0.07468419346104704
93	0.8866516043113021
94	0.37468785539374894
95	0.8963570069442841
96	0.10811190567640905
97	0.4596689284804234
98	0.5097431048764
99	0.21709828584242674
100	0.8009682518174992
101	0.15499864676208952
102	0.3211965419419689
103	0.9063497234843408
104	0.4505778663672574
105	0.05552777538172149
106	0.8043625126240205
107	0.7039918236793523
108	0.150827827359322
109	0.6634875105994301
110	0.8441358906849264
111	0.004907421258369071
112	0.11235166491297621
113	0.5169369538816332
114	0.5361007251113864
115	0.4868057026321413
116	0.44305554358291177
117	0.5224351659951046
118	0.9128227903772018
119	0.5055619278892662
120	0.7920543080500843
121	0.541783924456298
122	0.9652347331682348
123	0.7763397924953644
124	0.7095429994255305
125	0.5212903064645681
126	0.9262253934616332
127	0.5559006059552488
128	0.46739667341694424
129	0.6283571078259865
130	0.03056142124612571
131	0.5621688677602135
132	0.9025278955436256
133	0.033263542186017125
134	0.6574219019133296
135	0.8650961163022147
136	0.47974877822103856
137	0.5851440142312655
138	0.9604710762071483
139	0.4384704169197732
140	0.8785426016453145
141	0.6411045676959832
142	0.4170122781441079
143	0.21205013461502753
144	0.1535055348715907
145	0.19975689428468446
146	0.2332407689773215
147	0.6609278854649647
148	0.5949779253712054
149	0.9238109653909281
150	0.2034002261418717
151	0.10117137525073827
152	0.14924271475873307
153	0.8805667767297629
154	0.5113644578886941
155	0.5347812439627563
156	0.2632007385594436
157	0.487807490695528
158	0.16821361140684898
159	0.9184294459615245
160	0.9456984128269341
161	0.39116946460225555
162	0.08053197261644629
163	0.46299630964457394
164	0.7017740997857573
165	0.532213885516298
166	0.603879433180273
167	0.7528184579593856
168	0.7727289200133269
169	0.484162967482614
170	0.6583227424872988
171	0.39504945816726367
172	0.47260323312435404
173	0.1156016447547813
174	0.6675410044877523
175	0.8933113570580413
176	0.13863810230867768
177	0.6507826856017986
178	0.9346299695664743
179	0.21418659672425866
180	0.16903091636651724
181	0.07223231441688627
182	0.10203841427016691
183	0.644968384377778
184	0.6079685958219795
185	0.8940184507509926
186	0.33340543402497147
187	0.5172865489776615
188	0.8605784455744782
189	0.6537283962157853
190	0.030979166908120748
191	0.7291684607598151
192	0.2186841898436669
193	0.8643899112046602
194	0.8548941653177675
195	0.8859689729538224
196	0.8031885786909647
197	0.16925842473510433
198	0.9860223840645673
199	0.11355766947435297
200	0.5603864510461128
201	0.4937966118079484
202	0.1473826712189762
203	0.4955916206374237
204	0.8213810520805995
205	0.47264538496148034
206	0.6214398427327373
207	0.9847425938020647
208	0.24497241493301292
209	0.12805301275504277
210	0.5907266572228054
211	0.47214700307167967
212	0.9048337310444186
213	0.8916358583644757
214	0.10700155512193565
215	0.3915324081011452
216	0.5187305875013052
217	0.7444483451077897
218	0.41914572681813755
219	0.11481591480535425
220	0.04018124385488586
221	0.0023973927650955407
222	0.2576739055939209
223	0.5405036471878756
224	0.4447032579810497
225	0.9985507684015917
226	0.5142309220224718
227	0.732418074204377
228	0.7388487581310943
229	0.24439916889329338
230	0.5850227066092744
231	0.9859350227098354
232	0.9281628962907006
233	0.12088335694791508
234	0.04062283778805187
235	0.48477926558989803
236	0.9146602609598543
237	0.6241743982532911
238	0.2301134819265256
239	0.18580120414810586
240	0.4212594553923925
241	0.7647491146666683
242	0.8623014903976775
243	0.2769982990266926
244	0.6416354474004257
245	0.47347774930166386
246	0.23569587623032262
247	0.5678951736922747
248	0.530958868077639
249	0.22137969221271048
250	0.03273412203170123
251	0.8585456374188827
252	0.1807919398060016
253	0.17014006440872698
254	0.1669636548199287
255	0.793040848255474
256	0.054540369620549756
257	0.24203068970887942
258	0.6021156366968056
259	0.24650027802243613
260	0.7953867581980425
261	0.3538655722283204
262	0.6078743953217765
263	0.7536036025835224
264	0.187018411633739
265	0.4341170780238722
266	0.2015697180837025
267	0.6669401613067069
268	0.6541139993124101
269	0.7009024111395878
270	0.17634602176949388
271	0.8781908918145287
272	0.14549283887295605
273	0.2238840895080031
274	0.03479261675973033
275	0.33239130964024965
276	0.9727447583499791
277	0.10663221375089171
278	0.8430619372038808
279	0.2419211502149431
280	0.5901144507238294
281	0.12424702197446513
282	0.45269346494706264
283	0.4700459471253
284	0.019734929874246854
285	0.6161186445153851
286	0.9779423766387261
287	0.9137221808401684
288	0.7941551583562292
289	0.9439030849703429
290	0.06014398952281508
291	0.657978298015701
292	0.744075952823624
293	0.6868865291013273
294	0.7909446455654675
295	0.16323057426359855
296	0.22193761448608207
297	0.41909557989099944
298	0.061752770828724546
299	0.3048162916099174
300	0.5998905671741356
301	0.3947595209449265
302	0.2019971577755797
303	0.23982584536666407
304	0.04867529596127462
305	0.9196196290200578
306	0.663241937894804
307	0.4700805331242228
308	0.5068468111299249
309	0.5317264490064577
310	0.94574206950407
311	0.3304986016017053
312	0.5477041867981511
313	0.6655244717240434
314	0.6161468959372566
315	0.7258518512308756
316	0.8084825162368957
317	0.018803416365238634
318	0.031066365277890196
319	0.9505222739478459
320	0.6328678620321923
321	0.42040941564217804
322	0.9611916964968151
323	0.10194594786279743
324	0.5915245524472642
325	0.672714391768376
326	0.0917706484287677
327	0.9755853010096193
328	0.2284655448238624
329	0.2101312466819577
330	0.409208674109502
331	0.8768810370311922
332	0.9573975732549782
333	0.6078761138454247
334	0.8991137854577205
335	0.6415411341930743
336	0.2703233775755972
337	0.7078597450914842
338	0.22791775227908262
339	0.6742643548466585
340	0.020232960548436485
341	0.2983650003267049
342	0.291013701070602
343	0.5737930341260375
344	0.21507072033056618
345	0.2198083421993129
346	0.6528900297361809
347	0.15294273141651338
348	0.19109238660081262
349	0.01199216311871587
350	0.583810417726563
351	0.9054665171858587
352	0.6225168940714952
353	0.1384019403233222
354	0.22282174938913646
355	0.23698319836804516
356	0.5046788405678645
357	0.9435514815468634
358	0.7056164325389802
359	0.24664901957420293
360	0.4254650033499492
361	0.5615242661020697
362	0.49449149692455974
363	0.7402532834622748
364	0.1881023548298686
365	0.633075098399106
366	0.383492307131155
367	0.20439671618358113
368	0.9983347259345488
369	0.760784182932557
370	0.7871288368570416
371	0.9555077696505463
372	0.2086862761624121
373	0.24374135458916812
374	0.7736718829636201
375	0.373806924340531
376	0.29965229181699327
377	0.26180228776494896
378	0.13750459154295303
379	0.916643498132998
380	0.443129329954814
381	0.9581170434515016
382	0.9169770328601421
383	0.7844060152544794
384	0.9136735444129177
385	0.1788396345821217
386	0.43584022222399843
387	0.8956000808546682
388	0.6132277717193927
389	0.025656551759629775
390	0.09601461411065415
391	0.14686286685140137
392	0.5513679409926969
393	0.4019277733852352
394	0.6338864884860571
395	0.41350760202686954
396	0.34159864126209616
397	0.5298102114188337
398	0.8702675613385483
399	0.13548593625815952
400	0.7519179050356795
401	0.6196983765932368
402	0.5307592197382577
403	0.24403274903686234
404	0.9580431006283966
405	0.001143287394470227
406	0.3982630036506286
407	0.6119704464702254
408	0.8824554276911805
409	0.6175796195098594
410	0.8104900718258019
411	0.13064353506089343
412	0.3485424764599717
413	0.9183347701907382
414	0.06644254231303892
415	0.5854156073634899
416	0.5348453755537194
417	0.7297391657728168
418	0.6341581819640423
419	0.6586975980851242
420	0.13465963995166064
421	0.28730919417454215
422	0.5257614358918539
423	0.6988951374289645
424	0.20028974491420848
425	0.2761051896648755
426	0.3174564432006506
427	0.6236945377337169
428	0.5086578741325768
429	0.9456096132404223
430	0.2153597915131985
431	0.8772085973234676
432	0.09275767173823479
433	0.47666020010170485
434	0.02440145091139645
435	0.1112046289818196
436	0.06172950307035352
437	0.18648288274971792
438	0.11175087153725405
439	0.20910188667542373
440	0.27951443431245226
441	0.26607575299686426
442	0.46774677795437325
443	0.800594954002387
444	0.5790748062018509
445	0.8854031234098758
446	0.39023461761015965
447	0.3627997613189513
448	0.2987497191090024
449	0.7516421035924893
450	0.24751278801852383
451	0.12166713085542336
452	0.1582850795921683
453	0.3492156652156936
454	0.5015211779267419
455	0.25835802450933487
456	0.250801772485888
457	0.38409692401023976
458	0.9376980768235322
459	0.9324725710666432
460	0.12704709649472268
461	0.32996928841428397
462	0.10812959963953928
463	0.5834481949212869
464	0.4981055461827445
465	0.42227049180299303
466	0.7547370898376176
467	0.5894333883421323
468	0.5330874675934362
469	0.4073207033377543
470	0.19887737567669939
471	0.12488375652156591
472	0.3022615483944451
473	0.7151978378099841
474	0.18783465116728726
475	0.4958418436604535
476	0.7493022305820326
477	0.139112784145499
478	0.6803026820448201
479	0.08036220646048442
480	0.5054514210052183
481	0.20999519153344837
482	0.033924102028665915
483	0.6495735364005989
484	0.2679818049093974
485	0.9302132769219631
486	0.36534186828919846
487	0.9993947530335033
488	0.3231573612009394
489	0.43055039196452005
490	0.9327522038111568
491	0.633364594023025
492	0.31523435316215265
493	0.8472889028686237
494	0.25225136242700386
495	0.8479343290886298
496	0.4117591804571553
497	0.4395853230143604
498	0.05312679100451356
499	0.010736567901771688
500	0.04778348901333196
501	0.8020560530392998
502	0.17592697959703907
503	0.8762695609256375
504	0.060309794032597175
505	0.4671336274068617
506	0.17652313892357185
507	0.0442983712399192
508	0.3880790238459587
509	0.8043288249123224
510	0.44198261780935544
511	0.9334818954317077
512	0.685566237049851
513	0.9512216250802602
514	0.7911762655577299
515	0.02547690717927087
516	0.9132317037199893
517	0.6685124862645365
518	0.6699034652860566
519	0.781898224792353
520	0.06923605524508758
521	0.04451559879084854
522	0.05507835148233642
523	0.7283434736098819
524	0.9125883497414223
525	0.7153667571106062
526	0.32059357205012284
527	0.0005569584640037206
528	0.44878232559757414
529	0.6522154920605301
530	0.352722820121418
531	0.7101537936624844
532	0.1171885088741007
533	0.992630390197903
534	0.45018098097017933
535	0.5848953192974724
536	0.45895472778341206
537	0.8303038998474425
538	0.9561903399151177
539	0.27755414109709386
540	0.22757490294024374
541	0.41502354118831375
542	0.12635780023122067
543	0.5120366085713528
544	0.5233378145294423
545	0.3538811717565563
546	0.2726317241006907
547	0.7166438996738403
548	0.6486888209452024
549	0.8820817433513229
550	0.31200287125411075
551	0.597228726882403
552	0.7668128757644834
553	0.4329884037131315
554	0.735860262756861
555	0.9378727578925455
556	0.26302900250745664
557	0.9097828055621575
558	0.7974919439782723
559	0.20503902696988818
560	0.6009748492119061
561	0.9574478383153644
562	0.1409459702891297
563	0.9749064423029347
564	0.25588129403137916
565	0.8997200610810715
566	0.14751923370907072
567	0.9005757177044197
568	0.6316888816050821
569	0.5039249569402555
570	0.6875239223001446
571	0.7914104058543373
572	0.5120073941980912
573	0.4300175231875223
574	0.5334211005124367
575	0.018049048209151874
576	0.3139813967357197
577	0.07824593554089843
578	0.8421515287747929
579	0.5607076996972751
580	0.30026045626353215
581	0.21479311666588508
582	0.3286642021662711
583	0.21579255513825957
584	0.2288599843703284
585	0.8643288776950468
586	0.3450310242220074
587	0.4527475881698111
588	0.34815287137693796
589	0.2487398542770476
590	0.37871060411919
591	0.6391739955912247
592	0.48461165954357877
593	0.8289822682209347
594	0.25224437452589177
595	0.4120444959730092
596	0.20043833000267552
597	0.9360207737699558
598	0.010164944968360179
599	0.2915038996236736
600	0.7038688619754063
601	0.3268844406856337
602	0.3602918581665481
603	0.8460890243727641
604	0.6518679285159351
605	0.02704587601870545
606	0.7901334699302056
607	0.6278741819054564
608	0.2884301022060365
609	0.513748972304281
610	0.3483890978949118
611	0.3181278936541899
612	0.8511539730655849
613	0.6298051362441407
614	0.021645471118130755
615	0.47730679939092835
616	0.6262245815270536
617	0.34440800607801836
618	0.6057343195916589
619	0.4972146609438062
620	0.804118092509063
621	0.5049187540039688
622	0.33148143541661934
623	0.5957824720547015
624	0.017805941014074844
625	0.9365649615083994
626	0.9378193124762472
627	0.6015171171313165
628	0.46647704058722983
629	0.2673706036880118
630	0.12793412354045997
631	0.7568681826216721
632	0.044086472949919964
633	0.37474845990570127
634	0.32200502354746097
635	0.03432561468491513
636	0.7245988846599171
637	0.6142832039252901
638	0.997411557107242
639	0.5820694673599484
640	0.7364212787815554
641	0.4111504061220401
642	0.6355395469873893
643	0.0043651508068920375
644	0.5548424100763376
645	0.928048598821963
646	0.5581131470122642
647	0.7549933142887535
648	0.08122842651413087
649	0.6563112688909962
650	0.004263399081080865
651	0.592036217333822
652	0.8555984419784164
653	0.4161152023484852
654	0.5652943689138817
655	0.4840518052475802
656	0.46819074659215776
657	0.9295412866210622
658	0.6830280711615232
659	0.9190626887222273
660	0.5666397445065123
661	0.9549084366491022
662	0.7942113235441116
663	0.09610474675840486
664	0.11608339225559006
665	0.1803103649554456
666	0.4277082446148647
667	0.7814830050982993
668	0.39122291703706535
669	0.3536395454433887
670	0.10657399857578298
671	0.5755222047685878
672	0.09042884556384534
673	0.7920657945722701
674	0.4310496298138201
675	0.7233426301196172
676	0.1911877164797975
677	0.08170783626827871
678	0.631534204855327
679	0.1652476221325636
680	0.3188048080664797
681	0.5164702738677258
682	0.18713691273283162
683	0.07825167543318545
684	0.8882534263402683
685	0.941270325402109
686	0.45099518333312005
687	0.6380561332465382
688	0.8811944029507842
689	0.6463134614545973
690	0.13204135072055356
691	0.27896547950543193
692	0.00043099593966111627
693	0.437524490427735
694	0.8291414390146539
695	0.45301319122362593
696	0.6230640813142879
697	0.12125404041281651
698	0.4449272790423904
699	0.9335375345921286
700	0.7544970183787801
701	0.8329294877367011
702	0.386824618777481
703	0.9842308183797438
704	0.07395804110013582
705	0.5429064877793979
706	0.20668489672789536
707	0.4641599438270493
708	0.23806865195891436
709	0.7146800866647105
710	0.11480147977876087
711	0.5448225329232657
712	0.30538813583563107
713	0.6105366701365719
714	0.8209672868211089
715	0.1309226391099646
716	0.30563031082357894
717	0.506050008704672
718	0.7992547376057243
719	0.07463036391336297
720	0.1989093301281688
721	0.07137238618926411
722	0.735652012170559
723	0.1828021212780837
724	0.8835041827537534
725	0.6056931677282225
726	0.12425349994083956
727	0.4337354969742794
728	0.8655240911538383
729	0.5307238887507584
730	0.766693761355038
731	0.8024121322307438
732	0.5714994231243684
733	0.37097915833274553
734	0.15746503665807887
735	0.5619133177692823
736	0.7165595545225663
737	0.3193628412953151
738	0.4315105222052451
739	0.7867446043836251
740	0.6984566923029147
741	0.5261693782296688
742	0.15990281291223563
743	0.1783425262003746
744	0.3185431528382444
745	0.7975518692242287
746	0.30714843386048574
747	0.6615595779160326
748	0.3468168572285151
749	0.23068820144543434
750	0.47903586954272703
751	0.28054864215989994
752	0.8805017777220925
753	0.9795086906637911
754	0.9326685087883041
755	0.3944260004186072
756	0.39610563646917196
757	0.513518545267195
758	0.3763744598768076
759	0.8909348612134305
760	0.2541036869978406
761	0.4288284167953941
762	0.24260677478389991
763	0.7955804184075321
764	0.16564302934276487
765	0.10700577511279108
766	0.226989664778657
767	0.24433777557007974
768	0.18919653484292853
769	0.3379947880510711
770	0.6996874213414839
771	0.6987452023539783
772	0.3005288456112549
773	0.4163928634918732
774	0.5544731269516395
775	0.4631256476180712
776	0.9893398797830802
777	0.9303714664432143
778	0.7100516471431062
779	0.7985439343594449
780	0.833753079149447
781	0.18451277684310796
782	0.6280259320978652
783	0.6416382142431392
784	0.2658900358006444
785	0.21788483284550575
786	0.6252849569875875
787	0.9328291695821327
788	0.7648790003313096
789	0.4415545311389395
790	0.8512445744772873
791	0.5262256500989406
792	0.30573383298910894
793	0.23251540190121045
794	0.35565062964898886
795	0.2527587692179506
796	0.49872999095761783
797	0.3805616681513362
798	0.10888714788079601
799	0.3343834729231103
800	0.34535774433657906
801	0.9031595390393532
802	0.3401051024402104
803	0.1215343700985112
804	0.4360312807196608
805	0.8239677128643081
806	0.40930519546760313
807	0.600933323243419
808	0.9965490016197772
809	0.7631025823955899
810	0.7100640632675305
811	0.8855837303380135
812	0.4486462568274763
813	0.23666583255506812
814	0.4863029348361436
815	0.29680558697768955
816	0.7886349999157392
817	0.4493623590027145
818	0.7634321471584616
819	0.021980780968520297
820	0.6401528527218099
821	0.942262599482016
822	0.11874037376014346
823	0.5818554224601219
824	0.48195879235394445
825	0.6948823742479304
826	0.25598731717928425
827	0.8731071153415171
828	0.3315244237623042
829	0.3835961591087528
830	0.5008631802521007
831	0.18777311792124673
832	0.5545503381910281
833	0.5988127090515064
834	0.35038206310753295
835	0.3918902733626707
836	0.46353353628487026
837	0.8659866889766357
838	0.41607749342182976
839	0.24342425178718263
840	0.931179887820579
841	0.3256007066384884
842	0.13386283914800778
843	0.6572343815127785
844	0.9152525995788854
845	0.3444327693225908
846	0.5288922417919487
847	0.08605174469763133
848	0.719789625867981
849	0.47868920550357075
850	0.9515606797025908
851	0.9748480546031053
852	0.37126506998362396
853	0.7294700494667661
854	0.8799962893024251
855	0.48792671468793314
856	0.6485607064582949
857	0.1308393396152352
858	0.8048014149580065
859	0.303210700626646
860	0.8911010388200625
861	0.6210801815085372
862	0.8972335367033135
863	0.6152823187578992
864	0.8115064875743713
865	0.5719142966125594
866	0.44875357139249694
867	0.7012100925060454
868	0.5501781948246673
869	0.45029970301616506
870	0.71336145949174
871	0.9652676463478024
872	0.7498920493786174
873	0.9913124378311757
874	0.05927117811975302
875	0.7137840214133331
876	0.13681099928225737
877	0.47704535316466157
878	0.5772249967286983
879	0.11228183506311751
880	0.37980299587444344
881	0.7608332249987453
882	0.7284776400484394
883	0.11968438189452968
884	0.8115118652573255
885	0.7964879761226487
886	0.36945574415090743
887	0.6602538874185075
888	0.20063198390919634
889	0.6675662668915846
890	0.7230728874375372
891	0.42430928668969514
892	0.6447751122520429
893	0.32661906106560035
894	0.2382249275596936
895	0.8375960701441739
896	0.3481535413135449
897	0.04263373778265811
898	0.5420873887875637
899	0.9664727487203042
900	0.4054886771372823
901	0.751541455753278
902	0.10347730096841301
903	0.17569751222767027
904	0.9632154052549031
905	0.7901155101447765
906	0.039057935381018094
907	0.5482974527759107
908	0.2887307181449067
909	0.36933934606318664
910	0.7372292939600562
911	0.7003077014011466
912	0.7534101638221959
913	0.9554119343968062
914	0.6227231560427605
915	0.37551789864905005
916	0.7865663521201423
917	0.7571763373347982
918	0.35174824439668295
919	0.8368399991138094
920	0.8565978248314371
921	0.32656577305691414
922	0.4237759964582214
923	0.003906735508715675
924	0.3033108419582654
925	0.7594399858450727
926	0.4545281049765072
927	0.9448436548622252
928	0.43912858799456755
929	0.7243943353942376
930	0.11920706093475775
931	0.7450509074433446
932	0.2869828154413503
933	0.3107733110921206
934	0.9387948493398267
935	0.365481268101133
936	0.3147745160372971
937	0.514559810802573
938	0.22264647622499312
939	0.21666982306294513
940	0.883231593508919
941	0.3870826989880116
942	0.5634447392416565
943	0.6667682908693301
944	0.8705302148086456
945	0.2073799471441541
946	0.686401270203015
947	0.03148009375776528
948	0.45994078954779005
949	0.3794007717415684
950	0.9183997724159113
951	0.03570419267766156
952	0.135493723247477
953	0.8773145364572005
954	0.6044342515431308
955	0.4544177189908841
956	0.5032213002443899
957	0.6351176623234766
958	0.631231341211608
959	0.6257789278023044
960	0.18213665332725515
961	0.9533361323719103
962	0.7932098682693419
963	0.9995587370792328
964	0.33562770600714176
965	0.12081566618343109
966	0.232434559741157
967	0.542101861490716
968	0.616795020280009
969	0.5845920421631038
970	0.0957682585262104
971	0.2555617071858409
972	0.18844098693697797
973	0.7518082836719727
974	0.7078350065159207
975	0.6542718679172687
976	0.3770549672090079
977	0.22181524835577004
978	0.030213410772716776
979	0.8605904267236956
980	0.9509514652306159
981	0.4840076764564888
982	0.23562512582488926
983	0.27932415591998194
984	0.8201729192071099
985	0.1934785224856691
986	0.1942686910679956
987	0.4043055213255641
988	0.64096512963158
989	0.6704070863154349
990	0.9647400418941328
991	0.3612467290946517
992	0.15612190017184757
993	0.9718001586485586
994	0.2784209820856396
995	0.7342267532524328
996	0.8367138518739252
997	0.9457238659007474
998	0.08842326116700228
999	0.2380486004117066
1000	0.18081331842915238
1001	0.5909029025207556
1002	0.09393871027687917
1003	0.18422064938357507
1004	0.5109575428060718
1005	0.9020435385251958
1006	0.520759878157381
1007	0.4838847647673966
1008	0.9920902898423946
1009	0.9055254840880023
1010	0.41069483405536544
1011	0.47369402396037175
1012	0.34122762438401977
1013	0.5414407807130103
1014	0.7247639751201947
1015	0.5160412998749058
1016	0.2503830283690417
1017	0.09189788561616918
1018	0.29681217753270484
1019	0.17436272426375266
1020	0.14487804390094883
1021	0.7111579457866187
1022	0.2699566984243914
1023	0.7253849327088145
1024	0.03330217150445136
1025	0.21577492191881698
1026	0.9004290426945456
1027	0.8662003133509698
1028	0.4631020944194526
1029	0.9438319929673422
1030	0.30887074195644604
