0	0.8381417150347233	0.2100790675486821	1
1	0.1934545149945428	0.7195826684628553	1
2	0.005310823362012829	0.10523607000833612	1
3	0.5148909528471863	0.781540611039968	1
4	0.6756088509720471	0.6098902139904895	1
5	0.33214812420305906	0.5109179712649365	1
6	0.2939909587066267	0.08137369097482994	1
7	0.6742195942103981	0.11133617755934999	1
8	0.2085993749789674	0.5961371815232992	1
9	0.37098314510257147	0.10803721652155462	1
10	0.4480016790080621	0.6559034361292314	1
11	0.722796674794319	0.47606366686282164	1
12	0.7675798168809689	0.8741024574989157	1
13	0.9927240642746481	0.3397635566598015	1
14	0.32804332258919255	0.42791089377686997	1
15	0.5748883975709044	0.6988111135987268	1
16	0.38095374087347267	0.8215604641759484	1
17	0.10592143980069035	0.5836823541193423	1
18	0.2863780732933413	0.8541469212025722	1
19	0.09955475877747655	0.7194506728724467	1
20	0.7011125262059347	0.6412993425719068	1
21	0.15072109728593597	0.7486933106895872	1
22	0.22753159488263708	0.41451999316505295	1
23	0.7916900367411935	0.6928709083451888	1
24	0.22125937128418371	0.9717788853848504	1
25	0.01756016224829393	0.18229036636208185	1
26	0.19323435684100554	0.30280433837163145	1
27	0.6382710690524662	0.7884136607815314	1
28	0.4713764277418191	0.05404723718943849	1
29	0.8297665232555386	0.5355748623726164	1
30	0.12709568007734262	0.8066448285157843	1
31	0.12083966277693858	0.9783404950161728	1
32	0.36502645256512656	0.2869175992693356	1
33	0.08041291589764699	0.5725612822667585	1
34	0.04613473568034476	0.1804116688996703	1
35	0.9619323168610614	0.8393554242276051	1
36	0.5029225409902076	0.4637708608900868	1
37	0.3298203155797498	0.5529492593840912	1
38	0.33277850633262407	0.1756691063198177	1
39	0.6974700177463894	0.2391770232485333	1
40	0.808831443217945	0.9621643696670166	1
41	0.49426942825863573	0.9499937796252249	1
42	0.5620025285504321	0.7188377569976024	1
43	0.22726792948087926	0.7145878388853194	1
44	0.6324283736147436	0.06509422692630118	1
45	0.160228462921282	0.6524655271603556	1
46	0.24893366479271894	0.16263657582140956	1
47	0.21662261003115146	0.3184645105801709	1
48	0.14095828331631	0.500405450964501	1
49	0.2892747535272294	0.18884218038183187	1
50	0.9659556963834957	0.6525482381934888	1
51	0.9168763339646394	0.28121886753687086	1
52	0.044867558948879505	0.1651555629586856	1
53	0.83438543348971	0.3305916574632147	1
54	0.2202480995596694	0.06402679272714229	1
55	0.8859488811534832	0.9359252538683046	1
56	0.8719676287086962	0.39057746249549163	1
57	0.6402930018673297	0.3949720421973818	1
58	0.8664749868686332	0.7184373045626001	1
59	0.709941598579786	0.3787586767205634	1
60	0.42647607813894195	0.9381662940255688	1
61	0.3572607771044256	0.04945404462611791	1
62	0.9941921330305482	0.4884638652737703	1
63	0.7809520481646425	0.5758453662730927	1
64	0.11008758837583843	0.589391813393472	1
65	0.22482740367093346	0.8090363566982685	1
66	0.6116798461687977	0.6427443682516383	1
67	0.49139723877694086	0.4294818823479354	1
68	0.9306767196915143	0.9381133382668767	1
69	0.9260320781546983	0.5267345317855313	1
70	0.6088154564667689	0.5734005745220015	1
71	0.5720773146510557	0.5906807621822887	1
72	0.9118181549377229	0.0034668200321880116	1
73	0.6344632112458465	0.09702521505016748	1
74	0.8738308433070432	0.21544140794891808	1
75	0.31899025000392034	0.4205643988244868	1
76	0.9605829923164213	0.8897964575137349	1
77	0.45026705609081397	0.5402601270850886	1
78	0.5579919978600749	0.4543414988131196	1
79	0.7829040687356219	0.5869988018911697	1
80	0.6220485878030497	0.37068612482058005	1
81	0.7899330769860906	0.6621507428500983	1
82	0.0080824337449249	0.014495993352775294	1
83	0.4129400781230662	0.08205270664132902	1
84	0.27353088582092244	0.8626146948428088	1
85	0.4033747318603277	0.16931034725665883	1
86	0.6458665894109877	0.5568166676897974	1
87	0.3375536264398229	0.21192056103902268	1
88	0.20627425690199064	0.8570162152452603	1
89	0.47722208991016535	0.6481363198337264	1
90	0.12382709811240933	0.9019339417341606	1
91	0.32087667066812986	0.5181325545890391	1
92	0.00915899986287727	0.7480475226270138	1
93	0.22511875969248185	0.6982651514552479	1
94	0.8405839335350654	0.4282534276974035	1
95	0.6523322216777521	0.7613512194060954	1
96	0.06066420229890923	0.757973712308647	1
97	0.6360573207769766	0.7377117679574653	1
98	0.2832984130771561	0.37751810814713005	1
99	0.45805610281629716	0.16794599246800346	1
100	0.8098162120280512	0.050984380688923525	1
101	0.7879903252515987	0.873598075587387	1
102	0.029417343754695957	0.6507574195419009	1
103	0.9660146417065875	0.8487652487022949	1
104	0.23185291729793678	0.9436975090929195	1
105	0.7956477609243976	0.5723501753169811	1
106	0.20555754285547712	0.9342439299729635	1
107	0.7161223173281072	0.6644243401324832	1
108	0.41564520336527977	0.3560272738556526	1
109	0.7814101090629407	0.7181550789816209	1
110	0.6502755871636886	0.14884186379764897	1
111	0.26900134490949545	0.5350587655119889	1
112	0.8912696309117993	0.4510278253645015	1
113	0.6191544934882344	0.11393814676372782	1
114	0.794865867523044	0.4201097012014311	1
115	0.6659333230288688	0.3819576856471626	1
116	0.5784716548915592	0.04698992262927559	1
117	0.7170062120517777	0.5949328534698896	1
118	0.614721813664311	0.5456072643806206	1
119	0.087233752404691	0.3481716301169573	1
120	0.495660330380162	0.8024244387274566	1
121	0.615772098419933	0.08994151365715541	1
122	0.5582021729028721	0.04503730847511411	1
123	0.18130372612252765	0.021815645242382553	1
124	0.6833494103887651	0.04188968085117428	1
125	0.5153803220432992	0.007112054738938722	1
126	0.2124625820506426	0.5481058683103623	1
127	0.6347071914510285	0.045784026915444365	1
128	0.3809039446097544	0.8183340735056749	1
129	0.7787325421391631	0.18401882557492366	1
130	0.7762743472636188	0.20060985872772252	1
131	0.25516094776683873	0.9925703181452833	1
132	0.21241040217949092	0.4645400755331228	1
133	0.9699549618204688	0.9507365425968253	1
134	0.9540561091370994	0.05658412977406013	1
135	0.329666348494405	0.534719892656763	1
136	0.5852509824958695	0.6025628094053835	1
137	0.6004843520716093	0.2336827308809447	1
138	0.12890403336760126	0.7712618020458117	1
139	0.8534267662502092	0.3047044811432864	1
140	0.08768884167931601	0.9333916983779398	1
141	0.3738288739121556	0.007271566077394209	1
142	0.35931313436289836	0.840425631076516	1
143	0.41730232154834657	0.9395812832622795	1
144	0.2577479112724824	0.41674707848897874	1
145	0.1378755685650227	0.17370982919832956	1
146	0.5657956891384995	0.747963728461164	1
147	0.4998624633213016	0.026528858099798658	1
148	0.66098700226212	0.8916550361145974	1
149	0.3314601996503981	0.3056980143478135	1
150	0.9511741823856681	0.46473998106665304	1
151	0.6869830685236512	0.4311918549193767	1
152	0.4135516719224893	0.32225217015832486	1
153	0.03136918160020852	0.9917453127870886	1
154	0.17634209132081557	0.547776525643969	1
155	0.37739656678141886	0.758041271745161	1
156	0.9472588990879617	0.4570156585825814	1
157	0.8898302199801363	0.37456184666619485	1
158	0.5404209457584587	0.7267132342399582	1
159	0.23684426560347693	0.017604042291287092	1
160	0.2710849895196319	0.38897402925880165	1
161	0.512608602131971	0.7555039361568411	1
162	0.7505923719039219	0.9170509615429244	1
163	0.8451843575884613	0.06502559205948699	1
164	0.23325665013676	0.7660332087934776	1
165	0.6389114722314827	0.6725424011693266	1
166	0.31743199862701266	0.9378903518118745	1
167	0.5667443267135073	0.6115154936938868	1
168	0.5298080689151283	0.6185087917897232	1
169	0.008474302261963995	0.1938561311216498	1
170	0.6115730651597093	0.0034547093660420858	1
171	0.917531067053609	0.6958286395830064	1
172	0.24404337791182273	0.198070423185854	1
173	0.008016137579746507	0.30312677096503016	1
174	0.6877959971682243	0.7400593197207385	1
175	0.3384988755841136	0.8861242393837044	1
176	0.24744569755356427	0.6385114891914903	1
177	0.7977692002525951	0.9996972617935026	1
178	0.8236556526976089	0.661112476321358	1
179	0.7668421721261627	0.12942121283667485	1
180	0.6478967907685704	0.9434052994206321	1
181	0.7240473908021435	0.35615417904027613	1
182	0.8227677662280325	0.7687183766193219	1
183	0.7301952596531875	0.8409573731643184	1
184	0.4057669657265669	0.7171480543123234	1
185	0.7289980660779148	0.6932333987589949	1
186	0.7471450160881473	0.6570145616762274	1
187	0.5180181577221016	0.5773953876384624	1
188	0.2177000096437417	0.3655987900867408	1
189	0.05750781219255596	0.38654994036554946	1
190	0.0789842782120207	0.5680402867019688	1
191	0.5706584323322438	0.24720626443022176	1
192	0.21729361286866788	0.5242396781614885	1
193	0.33609278995984804	0.5100167783144806	1
194	0.7441392321503396	0.5432936270044127	1
195	0.7563226696452644	0.9621485553712661	1
196	0.950109378938399	0.7352329252241168	1
197	0.3721885663509268	0.5468941859260948	1
198	0.7542964596966919	0.3229894100867763	1
199	0.63193332444373	0.13086250658274245	1
200	0.9705754609869092	0.26349308779879443	1
201	0.4227545761557643	0.4288442711769056	1
202	0.974135557675326	0.3241919789460611	1
203	0.011520230955721966	0.870991236379159	1
204	0.4212858587410303	0.5855102405655024	1
205	0.07097615149581804	0.3286473724343697	1
206	0.8986783434761851	0.5250293940512172	1
207	0.850865729263713	0.7635363367526744	1
208	0.9942825337284701	0.8372303079480973	1
209	0.21802374869230767	0.20644858797073273	1
210	0.9435131640535352	0.7323953573754797	1
211	0.8928668209815954	0.71533271954817	1
212	0.4810769204625359	0.9460890527418243	1
213	0.9577435944369143	0.4239857991034971	1
214	0.8837357440903212	0.9585554144348886	1
215	0.674438914792188	0.28247707572770253	1
216	0.8781586289134726	0.8814848844016003	1
217	0.7370181225274537	0.2702998128023749	1
218	0.8595764754558762	0.680196079728121	1
219	0.59915463050973	0.19740077613119367	1
220	0.01798105904050218	0.21709912354373173	1
221	0.7209701064558635	0.9462295316363032	1
222	0.7427251180311781	0.35761540946080794	1
223	0.19821671345399383	0.5993786414984701	1
224	0.8413644120064768	0.6051148434624543	1
225	0.12311466392445414	0.009698356476837144	1
226	0.6617434775676166	0.6785043534589498	1
227	0.4965465294364796	0.9818321467272112	1
228	0.3365761875065002	0.9730085366906002	1
229	0.9550904514661578	0.3324082534000028	1
230	0.01450496250950628	0.24948833806036996	1
231	0.38572641489463877	0.6073778358716581	1
232	0.22410689544792817	0.40896381287258643	1
233	0.506881937223469	0.8551125804166728	1
234	0.7295389046720739	0.7562655561993352	1
235	0.7869954937231759	0.6514568092783034	1
236	0.6918743247193112	0.17371198186497872	1
237	0.3151626975475522	0.9125735612171499	1
238	0.8458257209194785	0.6198089938692836	1
239	0.7683491355339204	0.744153707053279	1
240	0.18782778170474068	0.6455386759741815	1
241	0.8014585490006636	0.9822378860573071	1
242	0.6039969782109984	0.767265301937376	1
243	0.06209618118700344	0.38006814863452654	1
244	0.382118519076886	0.9194796486893358	1
245	0.2609500535644922	0.30459027923295945	1
246	0.399205075276	0.007013416660941463	1
247	0.2852606207399322	0.7198529946143811	1
248	0.17848098843001503	0.3069734776086104	1
249	0.48746215027619144	0.29152396849006845	1
250	0.7379943342772879	0.1062835302885784	1
251	0.23871173136099888	0.8679843596871962	1
252	0.31396196137608834	0.8623067156803825	1
253	0.4197064940078239	0.46638264159065645	1
254	0.19091000898248778	0.32176255257842723	1
255	0.8389158903420806	0.10444668265216106	1
256	0.23624152272521193	0.28100645381772726	1
257	0.7136097500322562	0.8300444992954202	1
258	0.7597489300331225	0.7674988083741398	1
259	0.21684910233993304	0.7156177375887945	1
260	0.10635129911274588	0.18069206611107214	1
261	0.03879927591951493	0.8526703210436692	1
262	0.4380220297035651	0.06455003878574683	1
263	0.04777482685929524	0.7071617646712577	1
264	0.1396218390774555	0.36972475208807376	1
265	0.5525729419296325	0.08365005748366683	1
266	0.06210401398677534	0.22877580276115228	1
267	0.985142303010171	0.790360700574085	1
268	0.8883431762444064	0.4053118812920231	1
269	0.18525813937604396	0.9432622687645215	1
270	0.5366278980597577	0.38929109297659525	1
271	0.8859665721921932	0.06285086722298217	1
272	0.36797896891336856	0.6747309221164788	1
273	0.471202036088191	0.29592371747743773	1
274	0.10317354036877457	0.2672693887570038	1
275	0.36838683162351893	0.6667957713468782	1
276	0.7283510876135685	0.8093306865326462	1
277	0.3677709506194734	0.5160782235869646	1
278	0.17587660752386236	0.6068880171939659	1
279	0.13483617804913517	0.16677468826814834	1
280	0.2937741347911508	0.9867527274287062	1
281	0.08115782896928536	0.8757325985356761	1
282	0.4040638531140083	0.35375553720816477	1
283	0.3610951037963064	0.6445827197062948	1
284	0.6078464870111054	0.055681537345456444	1
285	0.517446919125028	0.4096403011761205	1
286	0.01801017394838056	0.7424844207125442	1
287	0.1858562059453579	0.47824399962436615	1
288	0.05768605159857021	0.22491274104891013	1
289	0.8867270550322482	0.5140531762820274	1
290	0.4177913416083825	0.08292713800907536	1
291	0.7444420655715799	0.7183000398838565	1
292	0.5866121372826011	0.3934182944754657	1
293	0.5099334924200561	0.731744184788136	1
294	0.28477129874129603	0.6744747585709029	1
295	0.7664862525778097	0.04459293473820425	1
296	0.7424309313909362	0.46332770536134005	1
297	0.5954717826066539	0.17585499396231274	1
298	0.814686292993739	0.5600628764549868	1
299	0.6289550019285346	0.2233569733700529	1
300	0.44063421615229037	0.9565537871535459	1
301	0.6199380646856837	0.5399409802490746	1
302	0.20150457218764306	0.5140456481628163	1
303	0.054497105393115475	0.8164055170040888	1
304	0.2196667768466789	0.9831453216448515	1
305	0.012799245550785598	0.5147725014018226	1
306	0.8825804043063155	0.34855141943397117	1
307	0.6985087012214627	0.021194295141687247	1
308	0.22158542476978893	0.41311803018561033	1
309	0.4002496539244308	0.23638776221584945	1
310	0.4965345234751103	0.3481682349962123	1
311	0.6644472411739785	0.07824431897956863	1
312	0.187774013652815	0.7828122101193637	1
313	0.33907275668908354	0.19618767507920987	1
314	0.29830659634112644	0.30199148105809914	1
315	0.8504211205594514	0.2819678634124154	1
316	0.5812414190666404	0.7597368625677768	1
317	0.013150434736902472	0.463412429817872	1
318	0.25860062570699804	0.41154717703464505	1
319	0.17266097052582752	0.05754978516668763	1
320	0.7905158622347674	0.4807698668910556	1
321	0.6595854055438964	0.9414911399228327	1
322	0.19814889788890078	0.3279033359493172	1
323	0.7539852755805697	0.35698504391116836	1
324	0.2991285422513006	0.6560394344803029	1
325	0.11400169312724873	0.6544197020020117	1
326	0.8446806415567731	0.3735454654784748	1
327	0.2967209211473525	0.7838984075609164	1
328	0.3618305620864365	0.06055226455643514	1
329	0.710184561933493	0.503837201465905	1
330	0.3313695748627967	0.08086532064747465	1
331	0.929948457098163	0.6817599900309761	1
332	0.49918064755151004	0.8513877472544041	1
333	0.3087258998427791	0.8985570107381984	1
334	0.8580420302212506	0.5810722352912013	1
335	0.5892460179916478	0.19667458574585595	1
336	0.5780633140908169	0.10354949475096487	1
337	0.48816786807916024	0.188612740248418	1
338	0.1719409805650488	0.682963429610626	1
339	0.5256518994558207	0.14600268153691132	1
340	0.30023735331606005	0.9382673604100902	1
341	0.8367877303471036	0.5822159138664239	1
342	0.056026947130054405	0.21782693945167608	1
343	0.26814126315200915	0.17212329821233308	1
344	0.4440332928714318	0.21749899146996587	1
345	0.015746031161073204	0.7095439012759958	1
346	0.6684403244524295	0.861143419019086	1
347	0.9614071792930573	0.6982795475104819	1
348	0.891023501946382	0.8727014753789427	1
349	0.9462653465853518	0.6761936410787801	1
350	0.8007579123398975	0.060529766858323786	1
351	0.38765136524567456	0.9861888842707994	1
352	0.24284005916990714	0.9109308918966071	1
353	0.10249465309364836	0.7307983644440899	1
354	0.6523397714325032	0.27980366414044155	1
355	0.12440951028193525	0.06932250599183953	1
356	0.40564864461092165	0.6815145350135983	1
357	0.5170345249225006	0.7097326851618461	1
358	0.41697979221984705	0.09617881964185926	1
359	0.5348837317827893	0.8206843627520402	1
360	0.22191165859240825	0.58825098230896	1
361	0.43790722730777	0.2372195503059168	1
362	0.12292196042046244	0.037838796449367496	1
363	0.05248712680216994	0.9892861669522964	1
364	0.10613311819788096	0.30813866686959146	1
365	0.25536490100935616	0.4438945551198017	1
366	0.06498788615512119	0.6774729170270912	1
367	0.3185807414540739	0.0041534697596262715	1
368	0.149043296478798	0.9991407692060157	1
369	0.37803022007939546	0.9764425707555663	1
370	0.8273905270563495	0.34806069704357945	1
371	0.687857631299122	0.569595410913422	1
372	0.20055421324732836	0.35650393021084914	1
373	0.9255612849342122	0.23097175225011923	1
374	0.9211535516278196	0.38228758560628784	1
375	0.7656145260121671	0.19988896237871734	1
376	0.5772140591291685	0.9815845434572791	1
377	0.6496883614093586	0.9396401496366436	1
378	0.2546807023658063	0.7312768797628479	1
379	0.315977886392218	0.04060851978100122	1
380	0.6161997691775188	0.5314440845263194	1
381	0.715562792919224	0.12345476921447762	1
382	0.9491805912609915	0.8793537863399299	1
383	0.4269026768547156	0.4387500367920344	1
384	0.7109600838945266	0.7636693319747119	1
385	0.040476015417006184	0.7695559781655283	1
386	0.19929091306289204	0.4764967782851476	1
387	0.179899623789456	0.28426502229510464	1
388	0.7731770482841296	0.6586376458363314	1
389	0.493697880459793	0.8849377946928012	1
390	0.9830485407066307	0.20874236892159492	1
391	0.9087611460395993	0.14218449311876935	1
392	0.09763541260102415	0.37794237726180646	1
393	0.47810134100975366	0.3730498291163309	1
394	0.18941497489546788	0.10415121972311148	1
395	0.46204020507583055	0.9891937538234558	1
396	0.008335226947188357	0.7167848994470787	1
397	0.6728809993061761	0.2024503781557756	1
398	0.8415610949792764	0.7906833866002747	1
399	0.3651846351471273	0.05493004822402103	1
400	0.32496912539059153	0.7002011913759196	1
401	0.3754951857523119	0.218251484681538	1
402	0.8953641615838761	0.6754915710194216	1
403	0.7430422285484363	0.9812605139168195	1
404	0.6829371278748105	0.5967251672878932	1
405	0.3144051829597049	0.5515996198616148	1
406	0.7832793058045467	0.21468179231715323	1
407	0.999398362750219	0.8205725372806342	1
408	0.9395312665146432	0.3290512679890992	1
409	0.033723687412069214	0.6822721069061238	1
410	0.25502908967400084	0.35913298052442044	1
411	0.4912227202627948	0.6223110264580796	1
412	0.6246827934489476	0.9280706108223644	1
413	0.21105866139878027	0.33754606165612655	1
414	0.34452237992950285	0.4206409918907825	1
415	0.3403530888568178	0.5194572337779304	1
416	0.7704420766723816	0.5861336148853533	1
417	0.19019420599280368	0.08838466577126414	1
418	0.4141782804256773	0.7402674986701543	1
419	0.9801744450299305	0.4171269287027829	1
420	0.2089799055255317	0.07152566159849372	1
421	0.7675004043108244	0.12039472550812724	1
422	0.1493856730506785	0.18518585331635806	1
423	0.5964534184349468	0.13733042181148136	1
424	0.09995700537902263	0.5826607543112442	1
425	0.959217883369699	0.043273087819725164	1
426	0.9421694032888094	0.48972176235012455	1
427	0.19970461377697202	0.9223107870383578	1
428	0.42892861269239413	0.577208591217175	1
429	0.5944152238934387	0.06157991082994996	1
430	0.8330266486864262	0.13469943543442886	1
431	0.10162564621259951	0.19337243052340392	1
432	0.28492587061328944	0.4834094133887047	1
433	0.9687308609280665	0.8253279878446059	1
434	0.920593911801301	0.15013533524835743	1
435	0.06494349909844466	0.4020667502844564	1
436	0.16836752704585856	0.3859568719077363	1
437	0.23274014853928204	0.577767756680827	1
438	0.7264541070824625	0.0710005249634359	1
439	0.33621460033637296	0.5085650320334306	1
440	0.8415142001414192	0.48847361525577926	1
441	0.9871802646410454	0.14469280413319652	1
442	0.9073477849973185	0.7191423936273907	1
443	0.14308731121604978	0.8910487853695678	1
444	0.9929687282992206	0.2612575983124066	1
445	0.7833423762868263	0.23191192293382845	1
446	0.1581522836268624	0.7017114858297382	1
447	0.2136052209392867	0.3933875821177232	1
448	0.42869754657883974	0.019373294077074554	1
449	0.4890824554079677	0.2235036290716098	1
450	0.31380643312889944	0.41774042470006656	1
451	0.46190509369099697	0.3493019882802032	1
452	0.46115098474257066	0.6714811681773295	1
453	0.08405766875547027	0.3164585371413181	1
454	0.319384677389411	0.5455295056513545	1
455	0.46956713875510725	0.030152133341284637	1
456	0.8768359411034717	0.34914791231701603	1
457	0.3626627951246193	0.9581726172233767	1
458	0.06008885175307199	0.23594431116785552	1
459	0.5862503866730162	0.4695725947184016	1
460	0.7369698755986627	0.5718318994583098	1
461	0.975749722204557	0.29169278952266287	1
462	0.3223479803002568	0.9654452465615568	1
463	0.8605452779331706	0.04771936716579339	1
464	0.015172471777385677	0.13677264953882196	1
465	0.0009892824660423516	0.09287933282774385	1
466	0.39783897433008897	0.7514933098450404	1
467	0.5317637127564709	0.6660368550306964	1
468	0.296991815492763	0.3125688632440804	1
469	0.0944719754380331	0.3351198762577503	1
470	0.5329094592325659	0.6309709008662502	1
471	0.09069499446732332	0.1342976630601641	1
472	0.5528825223961156	0.0938309714398986	1
473	0.7300333155785316	0.8955426407614979	1
474	0.9183341500360029	0.8212761613751859	1
475	0.6420218341915456	0.25949239767455134	1
476	0.199465213664743	0.10003124322682933	1
477	0.5085378848250457	0.6640223098338114	1
478	0.19112581193873934	0.4017561193147249	1
479	0.6413541413215028	0.2634719111993341	1
480	0.9604625703982014	0.3492607578138891	1
481	0.132452968427473	0.6826469442379635	1
482	0.6832802077761386	0.028196141157532106	1
483	0.05895211408375001	0.5281508347600421	1
484	0.8935434964836505	0.6039724533763388	1
485	0.7098403606777856	0.9644953249150814	1
486	0.9163224969580668	0.015215490475908866	1
487	0.907119324815357	0.54477096295243	1
488	0.7758167195579077	0.4488891868620186	1
489	0.01745898087979647	0.17248322363664137	1
490	0.2563209912103116	0.5664243743618051	1
491	0.7499881362886075	0.5522527634797054	1
492	0.4430415150111403	0.2150188077403612	1
493	0.7939529648546433	0.37805939224437757	1
494	0.29288229867883186	0.13189173891080086	1
495	0.5979367149503871	0.2832972859483839	1
496	0.3487343688273632	0.7135938716923224	1
497	0.3725433977809952	0.21825521849551022	1
498	0.6408744506864003	0.21274809714601384	1
499	0.7029282947703046	0.7877117518557141	1
500	0.8004307682926723	0.1502374641790427	1
501	0.5863248389062985	0.9353968206009564	1
502	0.37923266940768163	0.766714207918955	1
503	0.8739984842274174	0.33655407221364875	1
504	0.900227529261093	0.7868974381346248	1
505	0.9580722675770709	0.5914487746081298	1
506	0.5779042614335438	0.7399429011624269	1
507	0.2935826895324859	0.9831103389542756	1
508	0.5990932040970841	0.981333108303638	1
509	0.29187354469347493	0.6762520079420359	1
510	0.8149485111537679	0.057367489668816884	1
511	0.6064429709688393	0.273212188784991	1
512	0.31589986891865784	0.2722868335914771	1
513	0.7849669206039955	0.8584520607782469	1
514	0.4645900838435042	0.21333645368290766	1
515	0.8953764421733893	0.45855703022883454	1
516	0.10718935109225691	0.5621138173933538	1
517	0.9292875998351781	0.42362612131142574	1
518	0.014391274100770124	0.3199466662728424	1
519	0.1528061468970957	0.543604945258277	1
520	0.10819304118147677	0.23782138688657062	1
521	0.7123330667589532	0.2033163144074357	1
522	0.8999603977788464	0.5293351156975882	1
523	0.19433266283847295	0.16969540567199126	1
524	0.8481687484922464	0.3637221090695899	1
525	0.9132717072839728	0.40284887781631984	1
526	0.7611497492087784	0.1121829283782767	1
527	0.20457440352183764	0.6834607179849668	1
528	0.46158103074587287	0.43868646640941533	1
529	0.6561116535191208	0.6458783384208419	1
530	0.4037231481589273	0.8519091307076941	1
531	0.3811435581352751	0.9771835179634161	1
532	0.6508885224585443	0.2174631838729193	1
533	0.7806529570135842	0.3755570059612644	1
534	0.10503374870069737	0.5247791092381396	1
535	0.01172669652209457	0.2722337595579438	1
536	0.5264405964567165	0.3785262771954452	1
537	0.8396775859131754	0.5758691896136846	1
538	0.5752106245809032	0.5821503675208696	1
539	0.9262826759557423	0.08805617051876802	1
540	0.8941650666639384	0.2149325808145135	1
541	0.45001320491596875	0.356858736056339	1
542	0.33760782658020694	0.5528043116363247	1
543	0.7560037465011539	0.5109646366259081	1
544	0.6711603311345835	0.4380452316589334	1
545	0.7151717708641151	0.9948346996977099	1
546	0.18776403145659326	0.18213671298540535	1
547	0.370827254987936	0.8560724204052195	1
548	0.7215418414159611	0.7969555353972736	1
549	0.9450036054364944	0.909319631925821	1
550	0.8390254060455224	0.21520968002271512	1
551	0.7636020181838178	0.8618606075885626	1
552	0.00435230284197341	0.3976970835571916	1
553	0.4996684905190625	0.8725198131299723	1
554	0.4533731757746039	0.6919005704434719	1
555	0.9663471846165607	0.6912853973922529	1
556	0.9607597058225348	0.38057500031270264	1
557	0.9950670904766324	0.08877309511329534	1
558	0.29166308571928534	0.2567592701722763	1
559	0.1926268679821771	0.20745374152789964	1
560	0.8362291966467486	0.802043643820843	1
561	0.0959116066328577	0.5600287532259572	1
562	0.7174734811465143	0.272735681101264	1
563	0.16550048697934006	0.8511720608642716	1
564	0.9118643742294232	0.47088141141698125	1
565	0.41921641414212296	0.6633495133983436	1
566	0.4610226828421524	0.9068892093178524	1
567	0.12724790842417943	0.8607340978438421	1
568	0.7933768379622959	0.886191065015449	1
569	0.20698249769005062	0.908475564603642	1
570	0.7274626617665072	0.9855785931735465	1
571	0.7775560508532409	0.5960344876214846	1
572	0.05070429094326456	0.05913798197455211	1
573	0.8424787865341496	0.029710589432741852	1
574	0.6251818651505563	0.7003754419987165	1
575	0.783805444509249	0.2795977479813241	1
576	0.6609028989341071	0.9213478393827512	1
577	0.28767115969553847	0.36104215550169416	1
578	0.565987590638321	0.7463818334229835	1
579	0.6543737687100095	0.21379840462909994	1
580	0.10446326452254806	0.4256267916594867	1
581	0.07210016157719779	0.8823922025927201	1
582	0.6407369122428109	0.7450886818964122	1
583	0.7922998531085232	0.47625258217502087	1
584	0.5268018911671479	0.7172807471331737	1
585	0.7582402795993001	0.5106239779045446	1
586	0.3775726703595149	0.4204828334011227	1
587	0.3708369048585064	0.44642023916559936	1
588	0.07319488608571689	0.25659398854223026	1
589	0.551333396190569	0.5889171468753995	1
590	0.925557759167026	0.9464982816098926	1
591	0.21519964447501894	0.8818614538003603	1
592	0.2252905987714362	0.6534642042727807	1
593	0.29529454637923913	0.3997979282852715	1
594	0.5790714148281441	0.03639259173923182	1
595	0.842701636166249	0.9607177390895312	1
596	0.12048459343828011	0.508563276542264	1
597	0.23594757414888445	0.7347296677991312	1
598	0.28478432218352134	0.8973665794557066	1
599	0.7209214277585607	0.5398821802393265	1
600	0.7325803250019652	0.3201461748562099	1
601	0.7322832778854798	0.8227844764561162	1
602	0.9368831297912921	0.6852924603352492	1
603	0.8997939606352912	0.8135614694478843	1
604	0.8954843881656958	0.6268572418169821	1
605	0.7144584643609089	0.2900540361507782	1
606	0.33300857138464635	0.8416171973370654	1
607	0.35473567345373314	0.9791987628366418	1
608	0.03420210623869813	0.010368685900274066	1
609	0.4584545643423422	0.22827033435350175	1
610	0.2623268777032187	0.635751005196724	1
611	0.010302394404070991	0.4410217047751943	1
612	0.255953405791166	0.9060007335048944	1
613	0.5690693493504027	0.8421140503483762	1
614	0.9268267829447473	0.5021967175237642	1
615	0.751994819866443	0.7445574421901932	1
616	0.9828076188395347	0.8090505160002766	1
617	0.2089435434003174	0.5683034486021391	1
618	0.5431908291331397	0.5147312208022479	1
619	0.8272503275931928	0.45407535885384454	1
620	0.13455468273481053	0.9509380538064801	1
621	0.45992740472905425	0.052135194859544653	1
622	0.35581389858893286	0.20289496321038902	1
623	0.17097314567228805	0.197150251321361	1
624	0.6317312496781016	0.8941230785791615	1
625	0.5543281528821087	0.036231767173889984	1
626	0.47889552626515686	0.35640119289705996	1
627	0.7910009898705569	0.21760937160069316	1
628	0.8566991844991553	0.7864033956637415	1
629	0.6266314945334355	0.012991155214780337	1
630	0.8920733681622353	0.06547484493201094	1
631	0.29491397032858613	0.2051903501523359	1
632	0.854441141699163	0.6242584374948463	1
633	0.7030413148121615	0.9558187445259021	1
634	0.13877777520938595	0.6355454866408694	1
635	0.8863203734055516	0.5261182848796275	1
636	0.1398158216693144	0.8337136189636364	1
637	0.4121019923219079	0.09901668203892056	1
638	0.35095186842973725	0.3497879492308872	1
639	0.8700988184138979	0.4424562774500407	1
640	0.22344593263693913	0.108717165482632	1
641	0.5595051416805569	0.7342627124042519	1
642	0.10984138636105045	0.8194314853551246	1
643	0.8999005311344979	0.8855084019101593	1
644	0.9247803533490624	0.77878809848679	1
645	0.284557741911875	0.5870320548524541	1
646	0.7490407578737922	0.419137571805943	1
647	0.025585980666802843	0.12883538547411721	1
648	0.5163026748106239	0.8451143305066805	1
649	0.4172435721320463	0.6771966990593593	1
650	0.8570391956612278	0.6606565093830088	1
651	0.7279660131021456	0.5733409802486257	1
652	0.6707548667931754	0.31589292832775795	1
653	0.4792743522197803	0.8573018033390395	1
654	0.023285362127899667	0.5908052304486733	1
655	0.30251678824290384	0.6141219229044386	1
656	0.45575868652017437	0.5987568327975075	1
657	0.06323931962025453	0.6413815910009761	1
658	0.8997642409050488	0.3706338821637193	1
659	0.7307082917586194	0.033230363214534875	1
660	0.8552625484052704	0.9389035990881173	1
661	0.25867745699205513	0.2942964378016035	1
662	0.7714512935489495	0.5225921135325396	1
663	0.5693571172665707	0.8625466371238751	1
664	0.9461669208093727	0.9590962340567555	1
665	0.5701780170637473	0.9754773273604002	1
666	0.3662405517501811	0.0019017987670746361	1
667	0.6317482949260858	0.08615669335752574	1
668	0.22154876782980004	0.9145665235915014	1
669	0.6312083368242417	0.724626934471893	1
670	0.7625993564721213	0.2807932331435704	1
671	0.5071226664272331	0.579051265726077	1
672	0.5496119123162458	0.5991587824886871	1
673	0.1244926212964097	0.22967101445897897	1
674	0.7098502938271849	0.8776600610378968	1
675	0.7374906614633467	0.36874167140045544	1
676	0.9770979955841282	0.6937221418468017	1
677	0.3882476265810296	0.2354582306586921	1
678	0.013872162890022022	0.7573254519303484	1
679	0.29396723264850755	0.36516112598364314	1
680	0.6103705300910978	0.3658358578358851	1
681	0.6934369285600787	0.5099531293071848	1
682	0.6646188056144818	0.865487559735044	1
683	0.17140867835786788	0.04415580732472124	1
684	0.5200578018820897	0.20636134311767862	1
685	0.9272281437355756	0.6439082268481577	1
686	0.33837703205410286	0.10065353820988354	1
687	0.2627639767458688	0.4072506606038665	1
688	0.1794598646875164	0.9454153437629229	1
689	0.38581128957658617	0.06266845593954107	1
690	0.09904787307614771	0.23145063246319997	1
691	0.7652536815773467	0.10808839796616876	1
692	0.2584478468999071	0.5660729629312287	1
693	0.6731776042857098	0.7415224355888091	1
694	0.18255703632552644	0.6290830527424122	1
695	0.8290662110125255	0.17138044357644588	1
696	0.8253590257196586	0.223866223864417	1
697	0.24136482428232064	0.7101781257447483	1
698	0.4063019855142873	0.8109388491235746	1
699	0.6662414065963024	0.31648860412585733	1
700	0.09631927545280483	0.3594838246461207	1
701	0.27686492100532656	0.24427609087501523	1
702	0.8741499216517792	0.8869294299085368	1
703	0.6754697480074047	0.5353574832748754	1
704	0.24580414218321178	0.39599998788537827	1
705	0.6800634544292135	0.15771331166564595	1
706	0.15776470308667145	0.8376342870399976	1
707	0.7991544390516775	0.9267666893990675	1
708	0.7894492348337627	0.5219467299304141	1
709	0.5569880098196697	0.1709228155466206	1
710	0.15649379651091877	0.6504855781727413	1
711	0.5423802962859962	0.2027454593807997	1
712	0.5753340070466492	0.8218111993297881	1
713	0.7898223004446893	0.6227208622052641	1
714	0.5235323652110266	0.9775216653428901	1
715	0.11722566230544762	0.8795631820643458	1
716	0.4854404825324875	0.8392311648933406	1
717	0.2814055570703031	0.19981630265216332	1
718	0.015142250158348913	0.8475151811846153	1
719	0.37062635781059505	0.9788427134579131	1
720	0.686715904727719	0.7487268674793409	1
721	0.1362867129463089	0.3516934637804656	1
722	0.3137145597766716	0.3810271228374257	1
723	0.9179539207275828	0.7575900645278397	1
724	0.7240181159623373	0.7500071135236198	1
725	0.815871402235972	0.3399242493313688	1
726	0.1252505848415183	0.20714649209401526	1
727	0.045283119114767234	0.8420594771202249	1
728	0.812290715807907	0.41556336130288163	1
729	0.5593237643369936	0.07714332797114465	1
730	0.3211786438590536	0.2540119308554434	1
731	0.3193012738462413	0.27992649013486304	1
732	0.6749082679496906	0.30864804390216083	1
733	0.28696727502683683	0.9094960542247544	1
734	0.8176943401902539	0.24566641790506027	1
735	0.9939382057049494	0.21932049918196617	1
736	0.6638302510020407	0.6880885953778789	1
737	0.40082725845026324	0.5462292149133338	1
738	0.6096404312512714	0.2960916071135882	1
739	0.7120801598900437	0.1874460969672369	1
740	0.9288998657201266	0.7051119055051085	1
741	0.005237136847726198	0.3869985358517086	1
742	0.8630133144519252	0.4604317284280808	1
743	0.3015408965491816	0.3138266082767204	1
744	0.8685115233465696	0.9021729060470816	1
745	0.880664104391478	0.6130512808064992	1
746	0.024989796495895944	0.2867467191082136	1
747	0.7595305460838052	0.2001919836020467	1
748	0.4755013915098635	0.3044793690688903	1
749	0.5592473032061195	0.3493528086515729	1
750	0.7226505549607649	0.6833153617409211	1
751	0.018866860622812287	0.9026311044695929	1
752	0.09301103574139702	0.62701435943741	1
753	0.6117789131305382	0.9223286110217301	1
754	0.6311702879709835	0.2056710469800448	1
755	0.6708241028314414	0.7623751082817634	1
756	0.582817705105354	0.8960554387866323	1
757	0.13754192060728976	0.09622114485985145	1
758	0.17979902101016965	0.45366992605074763	1
759	0.70492272113274	0.2052579601688742	1
760	0.38594074438334747	0.41787228115826314	1
761	0.06720105678928878	0.40819090737979735	1
762	0.7707035339061526	0.6461134160906362	1
763	0.4929866687760551	0.4007642430883336	1
764	0.8071614743677916	0.3544482817606228	1
765	0.11798330857351003	0.05908109793066152	1
766	0.4161815644115815	0.4583168038595338	1
767	0.69304899539356	0.29612623272825045	1
768	0.48902035956224654	0.039632465648813175	1
769	0.4743735167123233	0.9707756750020663	1
770	0.30787189893871736	0.6367270575473862	1
771	0.1096276981319596	0.6385374914853208	1
772	0.46248569399386086	0.30112621310913945	1
773	0.9928129108984505	0.13061864147454194	1
774	0.642415909643778	0.3337548744416088	1
775	0.5163169697740798	0.4064306316650913	1
776	0.9949076211607347	0.5780391389384152	1
777	0.6899446677943234	0.544452463421852	1
778	0.4697765266562435	0.7149527821734293	1
779	0.3871900668264151	0.4984787396183632	1
780	0.7199717125533992	0.34023160860361357	1
781	0.5458799502002193	0.5778729919607778	1
782	0.8182986229356964	0.07154218264927681	1
783	0.8702727285584093	0.27895503674249333	1
784	0.8054215868239388	0.006672255428420648	1
785	0.5233267469722336	0.6355222434091715	1
786	0.28732515846731976	0.9329264057095846	1
787	0.06434903891809984	0.30541623391604256	1
788	0.7467425026683944	0.06692735534396599	1
789	0.9493509759244785	0.6623713858521358	1
790	0.7418901840133235	0.20258259085047947	1
791	0.4614081939386915	0.24856473026190185	1
792	0.8543763288008565	0.35871057942242823	1
793	0.5014729056849323	0.49243437480251095	1
794	0.2276967946136761	0.49245023065255544	1
795	0.6439864855326279	0.17847845843461363	1
796	0.2040885285845665	0.7044620493429042	1
797	0.7729286978400599	0.6380902450700355	1
798	0.6755245081589443	0.943444721878537	1
799	0.6858462719243429	0.3881396194872855	1
800	0.38814706878912864	0.7058559071275267	1
801	0.6342183892858926	0.5145755282115132	1
802	0.5308869909637989	0.03366743426897134	1
803	0.2706982587593546	0.04396278422587574	1
804	0.9699576401390066	0.49447528167724375	1
805	0.20372692987232066	0.08498967417490844	1
806	0.1532486037430858	0.5725838788464391	1
807	0.013876895886763219	0.02126799998163753	1
808	0.09785854563737295	0.43195115999861755	1
809	0.42651496797438526	0.8255321935899966	1
810	0.48716228032801	0.4406468704514934	1
811	0.7193062065085679	0.022112803315522456	1
812	0.5317601820273712	0.010869744590808583	1
813	0.6554117395519301	0.24304812662914244	1
814	0.043460157412181566	0.8689171773115804	1
815	0.33827743594876003	0.4571813742063201	1
816	0.39233230699951893	0.41411931055935525	1
817	0.31262926700443383	0.71180411548733	1
818	0.10770765603583787	0.8895431005847233	1
819	0.10344327278147991	0.1432816150981553	1
820	0.3180204139879108	0.5035084190686511	1
821	0.011466008672238237	0.09257043712334978	1
822	0.8693564718087925	0.7595374598581348	1
823	0.36178600669934236	0.19496411764911825	1
824	0.12564717088621813	0.4199620969054578	1
825	0.45440953280591045	0.8186519314957986	1
826	0.32697571238751666	0.5618962788921704	1
827	0.9295388420784243	0.5075405198716197	1
828	0.7477742886121604	0.6277857680089038	1
829	0.33010062455943656	0.3443996229022933	1
830	0.15844642921654717	0.7227706489790316	1
831	0.41075464045803756	0.18536108072316093	1
832	0.08183058301835222	0.9780045557277853	1
833	0.7186243923483996	0.5011226143512574	1
834	0.42164829475856413	0.16909618565444184	1
835	0.1396079459211027	0.6593103341895509	1
836	0.2707449611686882	0.637609463835676	1
837	0.2307456694010337	0.8357853493669557	1
838	0.31147598301134194	0.1798950385219089	1
839	0.2764851035512724	0.04852420470212193	1
840	0.33168544073386097	0.8773189229132491	1
841	0.8444810253002325	0.6515426411870006	1
842	0.6203678790498894	0.4181373801066842	1
843	0.9219921810559951	0.6851058590969844	1
844	0.9462430047619363	0.22946151115952174	1
845	0.041715770875608627	0.06084075641315945	1
846	0.5879498583889634	0.09416544585741704	1
847	0.6948253841824787	0.813217664249397	1
848	0.9691512959721534	0.19871831106164972	1
849	0.4065596418820103	0.8053453172939409	1
850	0.3274939860809589	0.24245056231101592	1
851	0.3828268467611081	0.8062160205717807	1
852	0.2698678089025056	0.4818552372088607	1
853	0.9506267346252018	0.43946439821913075	1
854	0.9947548811515747	0.8014736797852602	1
855	0.8865075409543834	0.6913117910969516	1
856	0.8411653625263931	0.15418239191943994	1
857	0.7382928804525438	0.35199217898270996	1
858	0.10488852033908969	0.21835978300361858	1
859	0.09987768630316951	0.8613304672072223	1
860	0.7852311574420066	0.7848829699842071	1
861	0.19041013907260051	0.04008667590507686	1
862	0.3508438322654611	0.19697076398296243	1
863	0.8772416645930448	0.9525464922759257	1
864	0.44641328048850604	0.7823303641601245	1
865	0.9103065919583717	0.4359150783395961	1
866	0.6147981007492412	0.2210910882406345	1
867	0.3357558266602694	0.7267564519911862	1
868	0.49121217300584896	0.4858059220607497	1
869	0.5254753844909169	0.6110131104302611	1
870	0.20802111305679272	0.19185674859901858	1
871	0.08986931258906261	0.3186293726921965	1
872	0.23420257227422137	0.35848036483737555	1
873	0.11032428846856102	0.03088131856815224	1
874	0.3896500973709597	0.07754013344862398	1
875	0.28959432879141844	0.9787778292367695	1
876	0.8858814878059065	0.9746119197475082	1
877	0.5837019874611146	0.2812301790387518	1
878	0.2958594550486504	0.9054871697069552	1
879	0.05391466960683999	0.3029889805796855	1
880	0.834537985502774	0.9085004285987099	1
881	0.36772194715312123	0.9482860371278129	1
882	0.7525673268837159	0.11934730132972327	1
883	0.49320820200029414	0.6242204356523396	1
884	0.10653551892657376	0.48067367544320905	1
885	0.4614760634252345	0.5810483634570673	1
886	0.18298963212321828	0.46351657482831876	1
887	0.6149956332138239	0.87219759964359	1
888	0.7530013144919393	0.3749985734435177	1
889	0.10194666706334721	0.07547889042422395	1
890	0.3879030044445435	0.9183323174519364	1
891	0.4960631017833176	0.2401612699698965	1
892	0.6038717696741951	0.423551933555526	1
893	0.6068695238741316	0.2430824121764381	1
894	0.887982831010053	0.6376382521411604	1
895	0.7349331165476911	0.8072462410149837	1
896	0.5597281740061024	0.728415331779223	1
897	0.9613768413119034	0.8345069150119099	1
898	0.8456845063249712	0.7093527958801021	1
899	0.7308117305680393	0.6823546501635604	1
900	0.4633444170062261	0.06535897584258965	1
901	0.3354840261829086	0.9640379615952522	1
902	0.9637315742033213	0.248793826424757	1
903	0.6274009602057541	0.9626486118082418	1
904	0.7697577404895768	0.5258033669035252	1
905	0.1198849865625029	0.1251272748068719	1
906	0.06821385309677852	0.24834318780155207	1
907	0.7392043115322184	0.22051362460300727	1
908	0.7455494147341043	0.4505048123154618	1
909	0.5180510765153724	0.9018169036899685	1
910	0.14916794776350928	0.5502813509889345	1
911	0.18512592030651365	0.9610325074682573	1
912	0.7003034616151687	0.19934941069016587	1
913	0.10588232670540254	0.7273742693976232	1
914	0.768344205355074	0.2373849926120516	1
915	0.572937228053106	0.5211848511036512	1
916	0.7132137048861209	0.8984667337063529	1
917	0.8541684570535433	0.7250939806983865	1
918	0.2731068626405734	0.5267874663789909	1
919	0.21109673097938375	0.5992854171437236	1
920	0.8188679082894509	0.6419610851188847	1
921	0.04911398723249527	0.9775014818801359	1
922	0.3614513653329765	0.2300131438394608	1
923	0.9878548994030314	0.6493990710805355	1
924	0.4017460533302222	0.9426972794487877	1
925	0.9774757038427879	0.6531108276033014	1
926	0.30446356511405925	0.6241089327175036	1
927	0.5767510367205374	0.869494742918784	1
928	0.7851808692545929	0.3597624768420963	1
929	0.05639662463052908	0.0720325281130142	1
930	0.18961554248985213	0.6425894534166934	1
931	0.8712440205316128	0.12276681824066682	1
932	0.09830359123072852	0.7092510691327789	1
933	0.6091817468258017	0.4321912336009277	1
934	0.44323838064613663	0.06117114089397124	1
935	0.47757416291805843	0.5537583258704918	1
936	0.5316216354140035	0.8596228399537442	1
937	0.26596689056814093	0.6026628427235702	1
938	0.46911744425769397	0.5062409423133593	1
939	0.2543177735631301	0.6876225819088148	1
940	0.12371104118930587	0.5737605579280561	1
941	0.8594204579448197	0.5888002861928517	1
942	0.7049163572799221	0.29775767672580455	1
943	0.26775838107694827	0.21239619309992253	1
944	0.6719530394674572	0.12558174319278714	1
945	0.27140555776327224	0.568512360084305	1
946	0.6684884449558001	0.6995930712524637	1
947	0.7449112127356525	0.6871447913353272	1
948	0.7463628262365177	0.8991882797492757	1
949	0.937224054289802	0.2754155495299493	1
950	0.3666121956146212	0.9006330503130153	1
951	0.6097611530486369	0.7183409774007865	1
952	0.305591252865948	0.3805409527139375	1
953	0.5292155188729725	0.08257931549242559	1
954	0.49732024271766584	0.7104457802751692	1
955	0.6292710413266227	0.6907160788969103	1
956	0.8141057991447832	0.47129459469699386	1
957	0.9183197502426443	0.9888310552930906	1
958	0.29295220893525564	0.5998080041956002	1
959	0.6515889879193563	0.031130180512860872	1
960	0.8420113832673866	0.15844788043261082	1
961	0.21289555205727062	0.17972117797256038	1
962	0.19901627138613098	0.895151354893981	1
963	0.5077248476079135	0.6924436163001481	1
964	0.6582102233346764	0.4800039985054497	1
965	0.6493002417471858	0.05197408038194096	1
966	0.823180195554593	0.08299436668950211	1
967	0.45442670656317674	0.9998985167443576	1
968	0.031586870361658304	0.4715222151483326	1
969	0.3914555706242582	0.2886551676601905	1
970	0.9755156703942911	0.04576240181122482	1
971	0.261856506399587	0.6819886721322742	1
972	0.6354933246646663	0.2970002596454243	1
973	0.7734534401767815	0.6634754820272899	1
974	0.42567159273062083	0.402211363539302	1
975	0.003319252654535809	0.698629658703277	1
976	0.7472211409733919	0.046216155813421755	1
977	0.2752522445976504	0.7221972092083504	1
978	0.621314236200574	0.5785104160937692	1
979	0.3272745041201208	0.4042278329345057	1
980	0.8068503507199621	0.3336297920543828	1
981	0.16015761620575963	0.8718284208240045	1
982	0.473941913144024	0.5910752990532728	1
983	0.9686555071412342	0.9045127695538163	1
984	0.5639446681420426	0.5279162028497921	1
985	0.0478951948794627	0.8121595714154026	1
986	0.20148637848271467	0.3892090211040524	1
987	0.07450562479721956	0.5803493786690592	1
988	0.57135268969327	0.8237792828624203	1
989	0.8305842144239787	0.7219552949769242	1
990	0.2747989492749282	0.14877539444110033	1
991	0.10156022007911747	0.258931679317552	1
992	0.1600271177874515	0.8766416888824128	1
993	0.8625180086324009	0.92562819501547	1
994	0.7239546440195349	0.11079235073968996	1
995	0.762483904945084	0.9835089211529051	1
996	0.325091661420567	0.2376742320322327	1
997	0.7536666328727598	0.026039710598669497	1
998	0.8641395630114406	0.3140477554823966	1
999	0.7100257507840139	0.9283638824693844	1
1000	0.4732494522304903	0.36834387602715635	1
1001	0.6432321822110567	0.43890184494193174	1
1002	0.35088249722963094	0.4891985983123299	1
1003	0.3943328847963635	0.2552421706601661	1
1004	0.23584021422822987	0.2607308114860434	1
1005	0.7968737574683555	0.027714421387792787	1
1006	0.39731446823224237	0.5688661665697433	1
1007	0.643292543678223	0.1525595313670991	1
1008	0.24932421268465665	0.8756174557438505	1
1009	0.7582619934145716	0.050864978059299015	1
1010	0.34868882330775586	0.8119047854986841	1
1011	0.14186375247456318	0.2264882369165686	1
1012	0.568802409524473	0.9657594056827831	1
1013	0.7359959234584852	0.38845831554112675	1
1014	0.10418714879776048	0.6211966781313641	1
1015	0.7785373166889155	0.44488127528918453	1
1016	0.7673980245165278	0.9637117859214313	1
1017	0.9889844242895189	0.6072849848120853	1
1018	0.8196018057532883	0.6216845528237825	1
1019	0.030752065510403215	0.4932244357043568	1
1020	0.05649471619276347	0.3810977022683121	1
1021	0.6587230891430919	0.873117938159338	1
1022	0.7802398338615495	0.8614140059787058	1
1023	0.5039681970181616	0.2136395356902091	1
1024	0.43094191848885566	0.2576330820151881	1
1025	0.06474000974213479	0.9861487630056253	1
1026	0.9240174682927214	0.2199191517445217	1
1027	0.6569390177825367	0.7990232587313914	1
1028	0.9173683651220281	0.06650670370218259	1
1029	0.1940589930661265	0.04033522167161541	1
1030	0.9713371584597437	0.10614668932778037	1
